% R = 4.18;
% L = 1.15E-3;
% Kt = 1.25E-3;
% Ke = 800;
% J = 5.93E-3;
% b = 6.5E-6;

Km = 1.14E-2;


R = 6.2;
L = 3.2E-3;
b = 1.64E-6;
J = 0.8E-4;
